89214553
99465082
125325944
187064004
212702651
249381093
270414529
276044992
281063360
281122656
319297840
385587648
391435959
394304602
403675312
407154005
422548392
435962963
437491539
465003809
467016746
469252827
500557629
509127462
528715212
532075779
583636558
618440228
630706112
662503504
689397748
698575118
701408465
764436049
807362434
810120493
811114744
821038332
829165405
832968869
866495811
868002574
871851744
873067495
890183018
892197415
912686211
940491741
962207919
1012422499
1048489780
1055113566
1056666430
1064653196
1070083118
1072358645
1082452326
1084418412
1092656110
1149401895
1162325924
1239570469
1245409214
1256716319
1280633612
1286594294
1286853577
1297473998
1309514943
1319871784
1329079566
1394293850
1398960414
1401191116
1425830733
1436787484
1440761477
1442260493
1451227916
1453680845
1472242816
1481321199
1515265823
1563610983
1587370911
1600712167
1616729275
1625734977
1627039581
1650633756
1695555955
1698530519
1710518025
1723735525
1729163844
1741087433
1757641652
1857758440
1891259446
1892454039
1917566504
1921530862
1927636816
1933221609
1956315495
1997047797
2040578579
2047955842
2062282805
2088062693
2108224368
2109812724
2112875896
2129174588
2130561965
2140150940
5000048967
5019316756
5024071501
5035438477
5039782794
5040171449
5043907521
5044232938
5045595998
5075621090
5100643745
5103559219
5109719655
5113459519
5130607097
5133712779
5134083425
5134475948
5148403082
5149542534
5152763025
5163703360
5164473867
5174055520
5174490543
5178718344
5191583109
5194929812
5195582270
5201298848
5212814257
5223935609
5232464320
5243524096
5255444995
5260759302
5260812456
5261188832
5274580712
5276408011
5315281920
5349816876
5353963906
5381511239
5420416166
5427797304
5440925123
5448379606
5451861560
5467008069
5473239592
5493650498
5513702392
5520862490
5541231831
5595669669
5617656698
5621006014
5635929077
5641503192
5656743592
5671890212
5676975669
5683227744
5700129022
5715181718
5743058666
5743164851
5744601202
5751686741
5755688042
5756120046
5787844482
5788434266
5796561585
5797938722
5804507302
5807600036
5839065733
5841847468
5877609507
5879544164
5887222632
5918636066
5938198533
5955918486
5962785353
5975951319
5983187939
6017563351
6020415207
6029491403
6073908010
6089542556
6097007938
6097990409
6109137060
6122426848
6127279388
6128620143
6129120985
6129680601
6140459400
6141945446
6159597075
6170045427
6188467241
6197686361
6205318151
6214225902
6220644260
6233632256
6277958261
6293505900
6294004802
6311027956
6313749614
6326682462
6341741649
6351767403
6356978772
6362061328
6373761476
6379062435
6404481915
6462495272
6470680660
6492431660
6497708388
6505663202
6505727105
6522395145
6545128264
6557224769
6573154279
6603480506
6603940610
6606153186
6608148249
6609945006
6619182629
6623799158
6635891356
6641365703
6643413568
6658595285
6660731642
6664086455
6669670034
6682695016
6696046301
6724545925
6733537461
6751103635
6754590055
6755944999
6766738663
6802785431
6805649601
6814026810
6830892503
6839687976
6840561579
6851410647
6859523480
6878217780
6900492367
6901816341
6944602585
6964664306
6975186211
6988268666
6998835762
6998906274
7001186830
7015658962
7017571121
7018271125
7023689490
7025897666
7032754227
7043818353
7078782574
7087710666
7098309641
7100327024
7101080708
7112160048
7121494582
7132524202
7132638598
7148449496
7148903773
7158741515
7173045152
7175607765
7176332135
7178541063
7183002573
7200210338
7217162125
7220534490
7221796425
7237553149
7240057410
7240545612
7247302155
7315278935
7363530403
7375126578
7381888959
7388724521
7388913864
7415599340
7421452060
7431180009
7431607060
7452798463
7457533793
7460632582
7496216022
7502434532
7504090206
7508748371
7550216948
7557336847
7578638871
7582889456
7596121036
7622850755
7630163901
7636929241
7651296588
7655881474
7659296262
7664276501
7676591880
7716615207
7718395438
7739923968
7749174567
7752488661
7758567878
7773984419
7784188831
7795294619
7798721729
7813443475
7834780580
7866311064
7882670610
7886182386
7897570945
7914090896
7927236429
7929072186
7934593097
7935398516
7938900561
7939761786
7940872428
7954764171
7955004557
7962272964
7967268920
7972494512
7973360161
7976395871
7999244314
8015082676
8016357759
8021397613
8037668447
8079783834
8081413579
8086751771
8087241942
8092791808
8095735249
8107948318
8109197948
8119020210
8129870744
8137924672
8150036444
8159815040
8162536714
8184281487
8189336246
8197970074
8238199418
8261863650
8266025651
8269178413
8273987684
8281457677
8283446563
8288952467
8290442839
8291030925
8299489449
8301169766
8306532122
8314269631
8318144895
8321886107
8322563437
8329613713
8342352431
8402247772
8421791254
8423742072
8426075896
8437023954
8437814014
8441213551
8447784835
8448136967
8456875535
8458608419
8459568883
8464005952
8474197097
8482043484
8486841272
8497287480
8498817167
8503426310
8506001337
8506442864
8512665476
8523233135
8533828145
8536448517
8563634905
8565426853
8569566833
8575857579
8582180852
8587751225
8590003096
8593811439
8597177107
8598053375
8612008866
8639287315
8645927305
8656291098
8676276169
8680181420
8680192473
8682611682
8693555610
8703138307
8711035827
8723610764
8729391556
8731111730
8735103964
8736391594
8741211392
8742354695
8746707867
8747815882
8772608471
8773053418
8779405970
8782924743
8805630694
8820057697
8831424960
8837333242
8856892464
8863347610
8865753143
8937177697
8963019215
8978943020
